Seconds: 239.01
Error: 0.0405529953917
Avg. Cond. LL: -1.49957218417