Seconds: 360.89
Error: 0.0331797235023
Avg. Cond. LL: -1.35212505209