Seconds: 150.64
Error: 0.0552995391705
Avg. Cond. LL: -2.39631072401