Seconds: 196.09
Error: 0.0506912442396
Avg. Cond. LL: -1.52809199018