Seconds: 107.1
Error: 0.0617511520737
Avg. Cond. LL: -2.25984670257