Seconds: 73.34
Error: 0.0811059907834
Avg. Cond. LL: -2.41101221238