Seconds: 302.11
Error: 0.0423963133641
Avg. Cond. LL: -1.52754934685