Seconds: 30.99
Error: 0.109677419355
Avg. Cond. LL: -2.8439838775