-0.371026 0.120769 -0.194188 -0.385523 0.107982 -0.197563 0.414634 0.272522 0.288212 0.278577
0.120769 -0.653739 0.280690 0.054133 -0.288210 0.208675 -0.377716 0.365483 -0.105408 -0.252407
-0.194188 0.280690 -0.230710 0.219636 0.116347 -0.167909 -0.248713 0.047337 0.200981 0.066791
-0.385523 0.054133 0.219636 -0.328905 0.306496 -0.026209 0.286039 -0.077720 0.221330 0.019340
0.107982 -0.288210 0.116347 0.306496 -0.032171 0.125915 0.009618 -0.117396 -0.089888 0.098682
-0.197563 0.208675 -0.167909 -0.026209 0.125915 0.198127 -0.134644 0.008058 0.220512 0.028377
0.414634 -0.377716 -0.248713 0.286039 0.009618 -0.134644 -0.320125 -0.009717 -0.322828 -0.005847
0.272522 0.365483 0.047337 -0.077720 -0.117396 0.008058 -0.009717 -0.136171 -0.090050 -0.118451
0.288212 -0.105408 0.200981 0.221330 -0.089888 0.220512 -0.322828 -0.090050 0.051519 -0.179775
0.278577 -0.252407 0.066791 0.019340 0.098682 0.028377 -0.005847 -0.118451 -0.179775 -0.130758
